15 19 20 0 10 18 20 8 10 16 7 18 7 12 10 6 20 17 12 16 
11 15 6 4 10 7 19 20 4 16 16 10 2 9 2 5 6 14 7 14 
19 9 20 3 14 15 4 17 10 18 18 5 4 6 2 11 10 1 9 8 
17 5 9 11 20 15 9 19 18 17 5 6 12 0 17 14 3 20 15 14 
13 18 10 20 19 12 2 18 17 16 7 5 1 5 17 17 1 9 5 18 
10 6 2 8 8 13 3 15 18 12 10 17 3 3 19 19 20 5 7 20 
13 11 2 11 13 10 10 19 0 10 16 4 20 11 14 11 5 5 13 13 
10 1 5 17 2 15 6 7 20 7 4 16 10 3 3 18 7 20 16 4 
7 11 5 17 12 3 5 1 1 4 10 17 18 1 1 13 6 0 8 14 
8 11 13 19 6 14 11 10 18 6 15 12 13 2 15 5 15 11 2 13 
12 19 4 16 19 15 16 11 16 17 14 3 13 13 13 7 2 9 12 10 
3 14 17 15 14 8 2 7 11 12 11 13 13 15 0 14 19 12 0 20 
5 19 0 2 2 17 1 9 4 3 10 11 20 2 20 0 15 20 12 14 
7 8 14 8 1 3 17 7 1 1 11 20 9 4 4 6 13 17 14 3 
9 10 19 13 6 8 11 0 6 12 10 20 16 3 13 7 20 3 5 7 
20 0 9 9 18 15 0 2 17 5 15 2 13 4 11 7 19 1 15 13 
0 5 14 14 9 8 15 3 6 11 8 12 20 18 8 14 8 17 20 6 
19 18 0 15 17 8 0 3 19 3 19 11 14 3 16 20 17 18 17 14 
0 18 6 0 12 16 19 19 4 4 6 6 15 8 7 11 16 15 3 2 
1 2 8 12 3 17 19 8 17 8 1 14 9 16 5 10 16 3 7 9 
1 13 10 10 17 4 1 15 15 8 3 14 3 8 8 4 6 9 6 10 
18 19 1 20 18 9 10 5 18 3 4 17 4 12 5 15 9 18 16 19 
20 5 18 11 5 3 15 16 5 1 12 18 13 11 20 15 2 7 11 16 
7 16 9 12 10 17 6 8 17 11 14 4 19 9 8 10 13 16 1 4 
13 4 3 16 17 20 20 7 11 12 5 6 13 17 2 0 2 5 12 7 
17 18 18 16 3 19 2 5 14 18 15 16 19 12 17 1 13 20 0 1 
15 17 19 13 7 2 5 11 13 11 3 5 13 13 13 20 20 2 5 13 
17 17 13 0 10 12 13 16 11 20 7 0 11 16 13 15 19 4 2 5 
15 4 10 17 0 15 18 1 5 13 12 3 20 3 13 9 14 13 11 6 
7 2 12 0 20 0 7 12 1 20 20 12 12 8 2 1 13 14 4 4 
